0.0399
0.4630
0.6470
0.1286
0.0164
0.0033
0.0000
0.5867
0.1448
0.0025
0.0054
0.1546
0.0005
0.2539
0.0000
0.0614
0.1601
0.6518
0.2560
0.0322
0.0112
0.0430
0.6196
0.5651
0.1004
0.1911
0.0010
0.0305
0.0286
0.1695
0.0244
0.2077
0.0526
0.1550
0.0821
0.3556
0.0520
0.9622
0.3852
0.0995
0.1826
0.9356
0.2328
0.1159
0.0000
0.0607
0.4433
0.0734
0.0631
0.6337
0.8154
0.5203
0.6108
0.9113
0.7745
0.9935
0.5955
0.5589
0.8829
0.9109
0.9603
0.8721
0.3448
0.9897
0.9334
0.9717
0.9444
0.7612
0.7965
0.9395
0.9950
0.6885
0.9057
0.8684
0.9459
0.9363
0.9903
0.9240
0.9891
0.6009
0.3051
0.9945
0.8992
0.9861
0.8985
0.9644
0.9681
0.9112
0.9337
0.8658
0.5925
0.8205
0.7887
0.8218
0.9194
0.9402
0.9634
0.9234
0.9453
0.8260
