0.0013
0.2810
0.0319
0.0233
0.0072
0.1008
0.0222
0.0018
0.0241
0.0555
0.0011
0.1035
0.0159
0.0085
0.0004
0.5536
0.2310
0.0001
0.0323
0.0274
0.0432
0.0007
0.0044
0.0117
0.1968
0.2118
0.3085
0.4996
0.0884
0.0181
0.0582
0.9322
0.9088
0.1185
0.0221
0.0019
0.0091
0.0059
0.0080
0.1828
0.0290
0.0015
0.0822
0.0586
0.0039
0.2705
0.1778
0.0138
0.0002
0.0183
0.9849
0.9893
0.9968
0.5915
0.7370
0.4911
0.0655
0.5649
0.9937
0.9991
0.7680
0.9986
0.9459
0.8736
0.2201
0.9947
0.9216
0.9977
0.9946
0.4132
0.9899
0.9967
0.9998
0.9882
0.7613
0.7599
0.9959
0.9904
0.9609
0.9297
0.2295
0.9665
0.6908
0.8982
0.9992
0.9942
0.9442
0.9946
0.9906
0.7281
0.9398
0.9430
0.4355
0.9995
0.9435
0.8903
0.9870
0.9954
0.9996
0.9370
