1.281269365007705052e-01
1.726393038211631453e-04
2.606931171047463229e-05
6.696623903640120973e-05
2.102429143498392482e-04
2.092977655303963642e-03
5.703880063281012523e-04
5.608498572322468324e-08
5.839709743215616439e-04
4.060188861215705238e-06
1.086064860958110064e-04
2.949958607984414145e-04
1.862112218777909603e-03
3.459428161766822988e-04
4.732188535723243110e-06
8.443396035505594532e-02
2.056283443012157765e-05
1.436909338751328083e-05
2.056337141513532758e-03
1.486301226375431963e-06
6.689472011231698955e-07
8.804923917808834231e-04
4.801835370899457806e-04
1.146855837127593730e-02
1.369949269727374406e-07
4.242606294832474576e-08
2.321518863630059077e-05
1.685979491058263099e-02
1.583301048462864010e-05
9.293937965983274374e-01
4.146723856529152888e-03
2.766574694677456073e-05
8.666115893597251479e-07
1.299113655590204155e-05
5.471001094969547493e-03
1.126386446818535133e-03
3.172410728050121392e-02
4.271675062232085929e-01
4.486532137484586187e-05
1.106603431693143468e-05
1.031090447246020081e-03
2.448503715550970079e-05
1.994607662370699292e-06
3.157886609706155728e-03
5.533561567097246704e-05
3.753402530446123091e-03
2.468641705191606846e-06
2.752685571011181075e-08
1.703845622738848825e-04
9.586984914845361194e-01
1.276143396517564425e-03
2.766543415207433146e-02
8.692818941253853244e-06
1.430911568429292340e-03
1.460604543719955239e-02
6.613329196074916135e-07
5.372609566317470327e-04
7.194113618547580587e-04
1.164031868703815963e-03
1.116424204721297290e-04
3.354998783588830310e-04
2.549066403247225276e-05
7.520462812548965870e-01
9.974951310673922933e-01
9.707073079463928167e-01
8.011175275187644163e-01
7.794139015321633890e-01
9.928066909106980642e-01
9.444956572991064503e-01
9.995912281071515082e-01
9.999631874425639610e-01
9.987756882917711021e-01
9.971669675815101330e-01
9.813081823752070054e-01
9.957092163021928899e-01
7.462502445791943106e-01
9.829990292416673769e-01
9.795254814782882180e-01
9.985516305407771132e-01
5.074770758233557721e-01
9.927708578247137483e-01
9.999650638954027393e-01
9.986710132387309757e-01
9.926974682378224557e-01
9.611367843071340067e-01
6.592804421936691028e-01
9.889543121367205813e-01
9.964441424526214730e-01
9.998440574732675445e-01
9.838092917546731320e-01
8.025530247151102525e-01
9.928232828257461673e-01
9.573739100070778330e-01
9.957445761410457230e-01
9.521107127695537242e-01
9.998327252197424242e-01
9.986981641918625252e-01
9.244089711994379899e-01
9.997098082140868369e-01
9.994203104036410990e-01
9.998633732202756308e-01
9.852379390730677811e-01
9.798788284227746281e-01
9.993518174332947090e-01
6.810847498262804223e-01
9.873445040798598527e-01
9.744873628227915807e-01
9.985505844982719426e-01
9.292683101568620652e-01
9.193131599761951156e-01
9.994133309909656315e-01
8.710762845046934322e-01
9.923615819564249874e-01
9.112947663199690851e-01
5.307472271873285852e-01
9.942903185817071332e-01
9.992069355533547137e-01
9.047906513756518443e-01
9.992971087191528934e-01
9.876682209418238267e-01
9.661671956444934928e-01
9.902795002855989681e-01
9.085818886080457846e-01
9.990394090696412821e-01
