5.814858790327728788e-02
7.565410740051838230e-03
6.940386404325538973e-03
1.191630926139970216e-02
1.195948312286320737e-02
2.672860161803262621e-02
1.389133380061081426e-02
7.292756465812979833e-04
2.281363118130171064e-02
4.364910349964263789e-03
8.890102900658183871e-03
9.491572273496323014e-03
1.177534854260497803e-02
1.233185066654113662e-02
3.736442439009416035e-03
8.495826683588988959e-02
3.205441100209829863e-03
7.112644896672702666e-03
1.812768281866463868e-02
2.303258096710816740e-03
2.471504683230545292e-03
2.503497008297268442e-02
1.393895162442040925e-02
1.839369198886621135e-02
1.211080503880260879e-03
1.540774501375750775e-03
5.660526220576419902e-03
4.424643940917261098e-02
3.117263308485698249e-03
1.014387035941108628e-01
1.509861421075147682e-02
2.966101529099975705e-03
1.239275919029804917e-03
3.636847840478006980e-03
3.731749580114765430e-02
1.234808875460694129e-02
3.634177781799383111e-02
4.832096473745627063e-02
4.295796769029537263e-03
4.543742868633839256e-03
1.233069442874238329e-02
5.040913098374767698e-03
1.970287155967964058e-03
1.888134987622691260e-02
1.201032568238915438e-02
1.927969336094708178e-02
3.084312150855076338e-03
1.047614889514726297e-03
8.440498107645261899e-03
2.025276446112189710e-01
1.078880419523662280e-02
2.131999592848177541e-02
5.020730561585477932e-03
2.176434262468729397e-02
1.183241395008548594e-02
1.386358950298321449e-03
1.284710604884468053e-02
9.627999421856270335e-03
1.794290840297242673e-02
1.012468907772839238e-02
5.085920254556824255e-03
3.713463539021219333e-03
1.100962088528281702e-01
2.218495982314509229e-01
1.310383322658665584e-01
1.067261876548613320e-01
1.010257485306658015e-01
1.287713213951085511e-01
1.227237045938867760e-01
2.552240855845138157e-01
3.850361850501489713e-01
2.059239351335034052e-01
1.994648103681687934e-01
1.551515197104253729e-01
2.129180615567405066e-01
9.937367941305209895e-02
1.530726282809465322e-01
1.260148367147873316e-01
1.660297750171331188e-01
6.793984821854429090e-02
1.558193858685643640e-01
3.934806042311097540e-01
2.085014985204165505e-01
1.726933052536968050e-01
1.043636579037518358e-01
9.382942283636548642e-02
1.165305139515443594e-01
1.854615332745244427e-01
2.777949711025439195e-01
1.661342206252832965e-01
1.083231925592457595e-01
1.590805447955846996e-01
1.253207078314933776e-01
1.709778798900245811e-01
1.370588545109567291e-01
2.408638139538932799e-01
1.992386986860354980e-01
1.059173967370508895e-01
1.896603986730606706e-01
2.314300619654622027e-01
2.947498983306363618e-01
1.600535414189597772e-01
1.439188197226284605e-01
2.281081031078489030e-01
7.446784123284747037e-02
1.452061513884952137e-01
1.537642051929035136e-01
2.029664661887387034e-01
1.209951756980493370e-01
9.218169473228866873e-02
2.246483546505564088e-01
8.456002130334142053e-02
1.892614934654358316e-01
9.607671857332543419e-02
7.508057308678493802e-02
2.145768698147974829e-01
2.674752647388549676e-01
1.221469923038195071e-01
2.150376391620149874e-01
1.570370228799044809e-01
1.387479160410465540e-01
1.393122897790427805e-01
1.133434933460941846e-01
1.860136230485198994e-01
