1.200613648009094223e+07
2.830411630033562426e+06
2.053201587945532799e+07
1.606416405437432462e+06
4.785427711691210861e+05
5.704447936091815121e+06
6.888402808581476565e+05
4.822976962648275075e+05
1.907899197557513602e+06
1.133231743120621832e+05
4.191874818052070215e+06
4.964680040924447239e+05
4.190254424391461071e+06
1.847816120300532784e+06
1.463524164274008654e+05
1.168132695153614739e+06
1.589929587014466058e+06
3.150594451288416982e+06
4.078415301496853353e+05
1.231041555908115697e+05
2.118139942533822265e+06
1.181914746344077284e+05
1.183621453739883378e+06
4.787986008351612836e+06
5.787705413655972807e+05
9.576947717047827318e+06
4.095786695197529043e+05
1.099302040762743680e+06
1.744445350340656471e+06
1.470578288270429941e+06
4.950606905744479154e+05
3.469252699764770921e+06
5.676355787455508485e+06
2.496812965150290728e+07
4.650949700965416851e+05
1.463125560705589876e+07
7.774786028600445716e+05
1.288811314475768246e+06
4.542484704794773133e+05
1.017597787970235199e+07
2.684979624563789926e+06
7.236560247428818606e+06
4.600535301561151864e+05
2.036879429725100927e+05
3.453328361794022378e+06
1.084953556474761292e+07
6.563991613536772318e+06
3.444738799788639881e+05
9.951690263365891296e+05
1.477776458474921295e+06
1.527906843157906318e+06
2.278928081225018250e+05
4.057196856301464140e+06
2.184954769768686965e+05
2.127744809498511720e+06
3.523633520916176494e+05
5.847293956225764938e+06
4.574810187747070566e+06
2.960107006681875326e+06
6.965368524243837455e+05
1.098525479849315062e+07
4.080303816773159429e+06
3.985813671622302849e+06
3.187919588931550388e+05
3.457243824477849994e+05
2.808253006468061823e+06
3.829022847241995623e+05
1.382955468802104145e+07
6.569874449057378806e+05
9.052024174453167943e+05
2.675281144582155976e+05
2.525160471596767893e+05
3.448455856058342615e+05
1.606923457553092157e+06
7.997117041924259393e+05
1.960364984945057426e+06
8.543991405930975452e+05
1.070531013817640767e+07
1.947727287455899874e+06
3.754159349644590635e+06
2.219798090330658946e+06
7.460394512330316007e+06
4.392674766013305634e+06
8.100284727924463339e+06
3.009953482883982360e+06
3.100984299006953370e+05
4.324168174868082278e+05
9.320106562673149165e+05
4.433850502594135469e+05
1.482518700868598884e+06
8.788451057519251481e+05
2.237494003990852740e+06
2.913647457849225495e+06
2.157384251184275781e+05
2.968795689961331082e+05
1.969671526796118123e+05
4.728206800497706980e+06
1.979714078277105000e+06
1.152606540115018608e+06
5.433729506309025455e+05
1.659677869060724974e+06
3.155065237767156796e+05
3.471414265067614033e+05
5.756299468610943295e+06
6.790651271216540597e+06
1.080223807269764133e+06
2.615068086294370703e+06
2.730378868814310059e+06
2.601087724735909433e+05
6.457807357631938066e+05
6.699267416563929990e+06
3.388438322001992492e+05
8.309805021394614130e+06
3.907747597173519433e+06
1.555735625760358758e+06
7.606029874051476363e+05
5.323982333236490376e+05
2.419792850863900036e+06
3.747632460659708828e+06
1.438879349459971534e+06
8.534064773542875424e+06
1.468030817803031765e+06
3.825290708663864527e+06
1.699625502182426571e+05
7.237020593529646285e+05
3.115715312384864315e+06
2.616677016171095020e+05
7.606539080223556608e+06
1.573834469240869395e+06
1.604186557743008016e+06
7.579341108706925297e+05
9.451533405089400709e+06
1.160392774887344241e+07
1.816570632186395233e+05
1.529922236917367845e+05
7.230832835985894781e+05
1.108075887922514789e+07
1.405560462166854122e+05
2.084007551398315409e+05
4.756300064255343168e+05
4.300510272825214081e+06
2.673862687124615069e+06
2.652630238147478085e+05
3.633902544106108253e+05
5.173748185405853204e+06
1.337033731328024005e+05
2.412563619466829987e+05
3.474305909222662915e+06
1.905042820683472091e+05
1.563052098522151646e+05
3.701562400530031882e+05
1.342643237169031927e+05
2.400265442132858734e+05
1.259735852901387028e+06
8.208723983322744258e+06
7.416969054733180674e+05
9.062501068453969434e+06
5.473290885525602847e+06
3.092518147970401216e+06
1.036036873341875710e+07
1.974433058682264294e+06
1.461166777632833831e+07
5.369218336096245795e+06
5.573525530980559997e+05
1.031318209247319377e+06
1.835771267208903655e+07
6.595794688729626068e+04
2.303125879603956826e+06
1.118774785791934235e+06
4.045098681356711313e+06
1.157065637194416486e+06
1.377267855028399499e+06
3.982173604142449331e+06
1.278372031553535489e+06
5.428745549418855458e+06
5.490531750045821071e+06
1.506887643750833720e+07
4.158499199298697058e+05
5.509988466551956953e+05
2.270383079588080756e+06
2.108757671366862953e+06
1.901969871771411563e+05
3.337112675038306043e+06
1.027560513194513042e+06
8.822639430541822687e+06
3.703487751645910903e+05
3.314049660360331088e+07
5.371384013154386776e+05
2.770149845267030969e+07
1.133194084139263490e+06
2.084498914865228813e+06
3.286758846007492859e+06
3.828326656019366346e+05
1.150632860004039714e+06
6.971455130732540274e+05
5.106264106946867541e+05
9.408082279049893841e+06
3.054775671979275648e+05
4.350085792472257279e+06
3.138833604371026740e+05
6.132621481503058458e+05
2.071567206468275189e+07
4.362173674018185586e+06
7.366395740502026456e+04
1.566987732700480521e+07
4.427978280541476561e+05
1.968913259784539416e+07
5.697156177671666257e+06
1.225607346978213172e+06
1.558730496421495639e+07
1.820775798748200759e+06
1.797436394173950888e+06
1.043924397038484924e+06
4.721329909900336643e+05
1.787125502387931338e+05
8.152814030286836205e+05
1.519413829958891682e+07
3.139811347749873996e+06
1.958348823740521912e+05
1.226414083611074835e+06
8.752654455495877191e+06
8.848032831011271104e+06
5.682637945495244348e+05
3.347340210817077314e+05
9.110444771192101762e+06
1.805635659436997666e+05
4.498401202304035425e+06
2.719824920700031798e+05
2.253297121207563672e+06
1.806493423306530807e+06
1.116243728253948211e+05
1.322398949580758053e+05
2.599956169559036382e+06
6.821611542654874735e+06
5.021902953357792459e+06
1.636335730698295124e+07
3.603395410524798790e+05
1.367904544123868691e+06
2.579178099365993403e+05
5.623590309003297007e+05
3.172586305816431995e+05
9.582501322703225305e+05
2.181183576902118511e+06
6.547474930810364895e+05
1.331391655716660991e+07
5.726335108264455572e+06
1.160340926979029924e+07
1.425751346195581427e+05
4.014199735450326116e+05
3.277756113927491009e+06
