1.128717852865079863e-01
-8.786025693906287515e-01
7.544993703392250950e-01
1.593738509299247319e-01
8.569827941437583307e-01
2.765178145561519862e-01
1.616036736974113264e-01
9.298183462772300345e-01
9.919610863891259456e-01
8.816572059575586984e-01
1.029915855922810097e+00
7.787664443968774636e-03
-6.772094280925671228e-01
4.887214401641131190e-01
-1.136473494727816558e-01
6.463822480702905438e-01
4.656894174173697998e-01
7.497799912081113405e-01
-6.528419016379274353e-01
-5.690773717801071996e-01
-2.316783387605010347e-01
-5.682710834096660335e-01
1.281419119116193883e-01
-8.325204969743591477e-01
-9.135833241340955979e-01
-9.108193393902093149e-01
-5.506163770327354712e-01
-5.867420294392342583e-01
-6.133110326867026174e-01
6.808697294497321195e-01
5.097513798250217221e-01
1.059286849160322674e+00
2.015630330421487315e-01
-9.476261440541833281e-02
3.748339123004491569e-01
9.206562367530874980e-01
1.002103904842606141e-01
7.495659541191090902e-01
-4.777620609766550785e-01
6.824872628438624078e-01
-5.201614280870359153e-01
-1.569012063319945582e-01
-2.180318199402604407e-01
-6.130301148405425948e-01
3.688637356453732252e-01
9.357476583853427954e-01
7.394897841500469582e-01
4.497553344918258644e-01
9.203059789571328420e-01
-7.320623763856417554e-01
8.690436292142029728e-01
6.779930309229397212e-01
-9.198633193483818360e-02
-8.598227030310285485e-03
3.110366279470092588e-01
2.677211110196452970e-01
4.473783888282111820e-01
-9.942566653106426067e-01
-5.183727207622794708e-01
1.024491887518122812e+00
1.037869635027131920e+00
-5.483813149369862749e-01
-8.969824662547125627e-01
-2.627921009852407508e-01
8.821609539001080691e-01
5.522054299024112822e-01
8.973083096925411617e-01
-5.584730907396502353e-01
5.350337836173020278e-01
6.607217891341141680e-01
-6.650366892145065378e-01
1.244561016157824107e-01
-8.909614677886121825e-01
9.358778323914753727e-01
7.063108031407292486e-01
5.430135285479202878e-01
2.853690108859767705e-01
-9.478587568490861592e-01
2.328278737470782511e-01
1.147216372604261680e-01
2.116375172029507645e-01
-7.167712665343479728e-01
-9.249301804981406860e-01
5.488539993015706386e-01
-1.932463936694226447e-01
-8.458850707342084885e-01
-2.586093840233836261e-01
7.563953826430207528e-01
9.123295701673388436e-01
-4.993063452184820505e-01
-7.953794783160228477e-01
-3.766062530220963822e-01
8.695184130838504721e-01
3.552748692153841203e-02
1.057574759859917446e+00
2.248451836602605169e-01
-8.763423434981465476e-02
-8.751001842056349567e-01
-9.845812143737838751e-01
6.841048570787197081e-01
-7.645767596788044518e-01
6.308163394192103923e-02
9.130504691898910785e-01
3.061040103096427933e-01
8.013395958833382515e-01
-9.791399262458657660e-01
-5.515919499003034687e-01
-2.704720596423335621e-01
7.546908664744851336e-01
-8.092745005815213943e-01
4.448485282656378104e-02
-8.880827438924616679e-01
4.949296084622867298e-01
6.769527155860626255e-01
-9.128144064470093966e-01
-8.964110229681629960e-01
4.041026092463750885e-01
1.149506285224397573e-01
4.039584051611200266e-03
5.127154094054873212e-01
-4.341715981877971586e-01
1.862092281686758000e-01
2.041879073350116869e-02
-3.285379467962847855e-01
3.055276777715674186e-01
-2.559600306317157958e-01
-4.197806381648110374e-01
5.987961187830328491e-01
-7.943543381172597506e-01
1.053776934988712943e+00
1.783133761898195724e-01
1.554559378537051229e-01
-3.283140269357645025e-01
2.052158582298346801e-01
4.491976060380561964e-02
1.462033375015396597e-01
-9.356877161648737840e-01
-8.247470137362071796e-01
9.102449628607152121e-01
1.026582861134283320e+00
-5.973163230584965788e-01
-9.747447408746312547e-01
7.157163812116795754e-01
8.576152467849302852e-01
-5.514188389497103326e-01
-7.207485272456395364e-01
2.680612294083707381e-01
-7.093745091030179140e-01
-7.591938601530481279e-01
4.082553006717155597e-01
-9.853975605032010421e-01
-7.739555654327219258e-01
4.831726780360083850e-01
5.290849021148158471e-01
9.313304355784879363e-01
-7.190956476993015656e-01
-6.269654025662951824e-01
4.851354575894235022e-01
4.659932890639097991e-01
2.730176336564955064e-01
9.538825963614527836e-02
-2.394386548586808772e-01
9.797815045335354078e-01
6.645270457861646163e-02
6.153249177638109302e-01
-9.317982510073363756e-01
-6.948467575914456518e-01
-3.008789422382420753e-01
9.425318768935226910e-01
-6.724345646839262614e-01
1.627475589276912160e-01
8.861893381960969096e-01
5.126162222079955200e-01
4.574917787588219653e-01
7.819842776826311237e-01
-7.106431986734271788e-01
-1.916562874376381842e-01
7.534745872533072930e-01
-1.344748840049483363e-01
-6.708886636251216729e-01
4.450276657862652085e-02
3.300845806269450122e-01
-6.354322552494000576e-01
7.562689265095203783e-01
2.546356265893550130e-01
-8.420310856714983139e-01
-9.555837796307802279e-01
4.196287920481900358e-01
-6.365406748779207646e-01
2.939017104531810864e-01
7.735346267756675331e-01
-9.718890132744455457e-01
3.302352775873629298e-02
8.225236740298313975e-01
6.862268197774379352e-01
3.015216248422192269e-01
1.364432649846203383e-01
-5.928198080723010577e-01
3.132801851384208192e-01
1.038496552847675947e+00
